00000010010100111000100000100000
00000010010100111000100000100010
00100010010100010000000000001010
00000010010100111000100000100001
00000010010100111000100000100011
00100110010100010000000000001010
00000010001100100000000000011000
00000010001100100000000000011001
00000010001100100000000000011010
00000010001100100000000000011011
00000000000000001000100000001010
00000000000000001000100000010010
10001110011100010000000000001010
10101110011100010000000000001010
10010110011100010000000000001010
10100110011100010000000000001010
10010010011100010000000000001010
10100010011100010000000000001010
00111100000100010000000000001010
00000010010100111000100000100100
00000010010100111000100000100101
00000010010100111000100000100111
00110010010100010000000000001010
00110110010100010000000000001010
00000000000100101000101010000000
00000000000100101000101010000010
00010010001100100000000000000000
00010110001100100000000000000000
00000010010100111000100000101010
00101010010100010000000000001010
00001000000000000000000000000000
00000011111000000000000000001000
00001100000000000000000000001010
